0 1 0 0 0 0 0 0 0 0 0 0 
1 20 0 0 0 0 0 0 0 0 0 0 
1 21 0 0 0 0 0 0 0 0 0 0 
0 22 
0 70 
0 71 0 0 0 0 0 0 0 0 0 0 
0 30 0 0 0 0 0 0 0 0 0 0 
0 23 
0 150 0 0 0 0 0 0 0 0 0 0 
0 151 0 0 0 0 0 0 0 0 0 0 
1 5 50 0 0 0 0 0 0 0 0 0 
1 3 1 0.8 0 0 0 0 0 0 0 0 
0 0 0 0 0 0 0 0 0 0 0 0 
0 2 0 0 0 0 0 0 0 0 0 0 
0 17 0 0 0 0 0 0 0 0 0 0 
0 9 0 0 0 0 0 0 0 0 0 0 
1 12 1e+11 0 0 0 0 0 0 0 0 0 
0 6 0 0 0 0 0 0 0 0 0 0 
1 8 0.2 0.6 10 1 1 0 0 0 0 0 
1 7 0.1 1 1 0 0 0 0 0 0 0 
0 4 0 0 0 0 0 0 0 0 0 0 
0 13 0 0 0 0 0 0 0 0 0 0 
0 14 0 0 0 0 0 0 0 0 0 0 
1 5 50 0 0 0 0 0 0 0 0 0 
1 10 0 0 0 0 0 0 0 0 0 0 
0 11 0 0 0 0 0 0 0 0 0 0 
1 16 0.9 0.92 10 1 1 0 0 0 0 0 
0 18 0 0 0 0 0 0 0 0 0 0 
0 25 0 0 0 0 0 0 0 0 0 0 
0 75 
1 78 0 0 0 0 0 0 0 0 0 0 
1 54 1e+11 0 0 0 0 0 0 0 0 0 
0 50 
1 51 
0 56 
1 58 0.001 0 0 0 0 0 0 0 0 0 
0 57 0 0 0 0 0 0 0 0 0 0 
0 55 
0 52 0 0 0 0 0 0 0 0 0 0 
0 53 0 0 0 0 0 0 0 0 0 0 
0 59 0 0 0 0 0 0 0 0 0 0 
0 60 
0 61 
0 62 
0 65
0 31 0 0 0 0 0 0 0 0 0 0 
0 66
0 100 0 0 0 0 0 0 0 0 0 0 
0 101 0 0 0 0 0 0 0 0 0 0 
0 102 0 0 0 0 0 0 0 0 0 0 
0 103 0 0 0 0 0 0 0 0 0 0 
0 104 0 0 0 0 0 0 0 0 0 0 
0 105 0 0 0 0 0 0 0 0 0 0 
0 106 0 0 0 0 0 0 0 0 0 0 
0x806a4dc
